12,11
65,4
65,5
56,5
126,6
12,33
12,34
39,4
12,31
120,17
120,16
12,14
120,6
12,21
120,4
126,7
12,9
12,41
12,40
12,15
12,39
56,18
12,37
12,36
12,35
12,32
12,30
12,29
12,28
12,27
12,26
12,25
12,24
12,23
12,22
12,20
12,19
12,18
12,17
12,16
12,13
12,12
12,10
12,8
12,7
12,6
12,5
12,4
12,3
12,2
12,1
12,0
11,4
11,3
11,2
11,1
11,0
9,4
9,3
9,2
9,1
9,0
8,5
8,4
8,2
5,3
5,2
5,1
5,0
4,2
3,6
3,5
3,4
3,3
3,2
3,1
3,0
2,16
2,15
2,14
2,13
2,12
2,11
2,10
2,9
2,8
2,7
2,6
2,5
2,2
2,4
2,1
1,2
2,3
0,441
2,0
0,440
1,1
0,439
1,3
0,408
1,0
0,378
4,1
0,371
4,3
0,361
4,0
0,352
0,346
0,340
0,327
0,322
0,243
8,1
8,3
8,0
39,1
39,3
39,0
0,9
0,310
0,305
0,403
0,308
0,304
0,303
0,302
0,307
0,12
0,438
0,10
0,8
0,0
0,314
0,300
0,343
0,299
0,345
0,298
0,433
0,297
0,388
0,296
0,339
0,295
0,430
0,294
0,332
0,293
0,320
0,292
0,317
0,291
0,355
0,290
0,394
0,289
0,311
0,288
0,376
0,287
0,309
0,286
0,337
0,285
0,312
0,284
0,419
0,283
0,381
0,282
0,329
0,281
0,429
0,280
0,333
0,279
0,447
0,278
0,398
0,277
0,276
0,328
0,275
0,364
0,274
12,38
13,0
13,2
13,3
14,0
14,1
14,3
16,0
16,1
16,3
30,0
30,2
30,4
33,0
33,2
33,3
36,1
36,2
36,4
37,0
37,1
37,3
37,4
37,6
38,0
38,1
38,3
38,4
39,2
40,1
40,3
40,4
40,6
40,7
42,0
42,2
42,3
42,5
44,0
44,2
44,3
45,0
45,2
45,3
46,1
46,2
47,0
47,2
47,3
47,5
47,6
48,1
48,3
48,4
49,1
49,2
49,4
52,0
52,2
52,4
53,0
53,2
53,3
53,5
56,1
56,2
56,4
56,7
56,8
56,10
56,12
56,13
56,15
56,16
58,0
58,2
58,3
58,5
58,6
58,8
58,9
59,0
59,2
59,3
60,1
60,2
62,0
62,2
62,3
62,5
62,6
64,1
64,3
64,4
65,0
65,1
65,3
66,0
66,2
66,3
68,1
68,2
68,4
69,1
69,2
69,4
69,5
70,1
70,2
70,4
72,0
72,1
72,3
72,4
74,0
74,2
74,3
75,1
75,2
75,4
75,5
76,1
76,3
77,0
77,2
77,3
78,0
78,2
78,3
78,5
79,0
79,2
79,3
80,0
80,2
80,3
81,1
81,2
81,4
82,1
82,2
83,0
83,1
83,3
87,0
87,1
87,3
87,4
90,1
90,2
90,4
91,1
91,2
91,4
91,5
91,7
94,1
94,2
94,4
98,0
98,2
98,3
99,0
99,2
99,3
99,5
100,0
100,2
100,4
100,5
101,0
101,1
101,3
101,4
101,6
102,1
102,2
102,4
103,0
103,2
103,4
104,0
104,2
104,3
105,0
105,2
105,3
105,5
105,6
107,0
107,1
107,3
107,5
107,6
107,8
107,9
107,11
107,13
107,14
107,16
107,17
107,19
107,20
107,22
107,24
107,25
107,27
107,28
107,30
107,32
107,33
107,35
107,36
107,65
107,66
107,68
107,70
107,71
107,73
107,74
107,76
107,78
107,79
107,81
107,82
111,1
111,2
111,4
112,1
112,2
112,4
113,0
113,2
113,4
114,0
114,2
114,3
114,5
115,0
115,1
115,3
115,4
118,0
118,1
118,3
119,0
119,1
119,3
119,4
120,0
120,2
120,3
120,5
120,8
120,9
120,11
120,13
120,14
124,0
124,1
124,3
124,5
124,6
125,1
125,2
126,0
126,1
126,3
126,5
127,0
127,1
127,3
127,5
127,6
128,0
128,1
128,3
129,1
129,2
129,4
129,5
129,7
129,8
130,0
130,2
130,3
130,5
130,6
131,1
131,3
131,4
134,1
134,2
136,0
136,1
136,3
137,1
137,2
137,3
137,0
136,2
134,3
134,0
131,2
131,0
130,4
130,1
129,9
129,6
129,3
129,0
128,2
127,7
127,4
127,2
126,4
126,2
125,3
125,0
124,4
124,2
120,15
120,12
120,10
120,7
120,1
119,5
119,2
118,4
118,2
115,5
115,2
114,6
114,4
114,1
113,3
113,1
112,3
112,0
111,3
111,0
107,80
107,77
107,75
107,72
107,69
107,67
107,64
107,34
107,31
107,29
107,26
107,23
107,21
107,18
107,15
107,12
107,10
107,7
107,4
107,2
105,7
105,4
105,1
104,4
104,1
103,3
103,1
102,3
102,0
101,5
101,2
100,6
100,3
100,1
99,4
99,1
98,4
98,1
94,3
94,0
91,6
91,3
91,0
90,3
90,0
87,2
83,4
83,2
82,3
82,0
81,3
81,0
80,1
79,4
79,1
78,4
78,1
77,4
77,1
76,2
76,0
75,3
75,0
74,1
72,5
72,2
70,5
70,3
70,0
69,3
69,0
68,3
68,0
66,1
65,2
64,5
64,2
64,0
62,4
62,1
60,3
60,0
59,1
58,10
58,7
58,4
58,1
56,17
56,14
56,11
56,9
56,6
56,3
56,0
53,4
53,1
52,3
52,1
49,3
49,0
48,2
48,0
47,4
47,1
46,3
46,0
45,1
44,4
44,1
42,4
42,1
40,8
40,5
40,2
40,0
38,5
38,2
37,7
37,5
37,2
36,5
36,3
36,0
33,1
30,3
30,1
16,2
14,4
14,2
13,4
13,1
0,321
0,273
0,363
0,272
0,409
0,271
0,342
0,270
0,370
0,269
0,442
0,268
0,435
0,267
0,362
0,266
0,316
0,265
0,405
0,264
0,331
0,263
0,365
0,262
0,436
0,261
0,431
0,260
0,428
0,259
0,318
0,258
0,396
0,257
0,315
0,256
0,360
0,255
0,334
0,254
0,390
0,253
0,392
0,252
0,306
0,251
0,416
0,250
0,349
0,249
0,386
0,248
0,350
0,247
0,413
0,246
0,393
0,245
0,354
0,244
0,374
0,242
0,446
0,241
0,421
0,240
0,414
0,239
0,424
0,238
0,377
0,237
0,353
0,236
0,382
0,235
0,389
0,234
0,325
0,233
0,404
0,232
0,445
0,231
0,341
0,230
0,367
0,229
0,301
0,228
0,344
0,227
0,373
0,226
0,348
0,225
0,425
0,224
0,423
0,223
0,356
0,222
0,359
0,221
0,375
0,220
0,420
0,219
0,336
0,218
0,427
0,217
0,437
0,216
0,426
0,215
0,422
0,214
0,351
0,213
0,443
0,212
0,402
0,211
0,330
0,210
0,323
0,209
0,410
0,208
0,324
0,207
0,415
0,206
0,406
0,205
0,379
0,204
0,418
0,203
0,432
0,202
0,400
0,201
0,391
0,200
0,395
0,199
0,407
0,198
0,384
0,197
0,313
0,196
0,357
0,195
0,380
0,194
0,368
0,193
0,385
0,192
0,383
0,63
0,444
0,62
0,399
0,61
0,335
0,60
0,417
0,59
0,412
0,58
0,369
0,57
0,56
0,358
0,55
0,319
0,54
0,53
0,434
0,52
0,347
0,51
0,372
0,50
0,397
0,49
0,366
0,48
0,326
0,47
0,411
0,46
0,401
0,45
0,338
0,6
0,5
0,1
0,387
0,11
0,4
0,2
0,3
0,7
